[gd_scene load_steps=23 format=3 uid="uid://7grxhc34xo4f"]

[ext_resource type="PackedScene" uid="uid://c8rg4afao8hqe" path="res://car/car.tscn" id="1_aqk2v"]
[ext_resource type="PackedScene" uid="uid://bjkm6ximd4nus" path="res://player/player.tscn" id="1_f3sb7"]
[ext_resource type="PackedScene" uid="uid://cmvvu0pixwdta" path="res://environment/sky.tscn" id="3_tlwt5"]
[ext_resource type="Terrain3DMaterial" uid="uid://cpwmhhyhwr2n" path="res://terrain/terrain_3d_material.tres" id="5_dwbse"]
[ext_resource type="Texture2D" uid="uid://b7fcui7yb5fo0" path="res://addons/kenney_prototype_textures/red/texture_08.png" id="6_dwbse"]
[ext_resource type="Terrain3DAssets" uid="uid://qnbod831dic6" path="res://terrain/terrain_3d_assets.tres" id="6_pkg7o"]
[ext_resource type="Shader" uid="uid://xouchkbyqx1d" path="res://environment/water.gdshader" id="7_pkg7o"]
[ext_resource type="Script" uid="uid://dw653v4djyeok" path="res://addons/road-generator/nodes/road_manager.gd" id="8_wse8f"]
[ext_resource type="Material" uid="uid://r3x70hlc8w10" path="res://assets/materials/road.tres" id="9_2u3nc"]
[ext_resource type="Script" uid="uid://brg1qactiyldp" path="res://addons/road-generator/nodes/road_container.gd" id="9_ic0uy"]
[ext_resource type="Script" uid="uid://d3n0wtam3aii0" path="res://addons/road-generator/nodes/road_point.gd" id="10_k3n1d"]
[ext_resource type="PackedScene" uid="uid://dfggtpn3gyrn0" path="res://addons/road-generator/custom_containers/3way_2x2.tscn" id="11_2o6r5"]
[ext_resource type="Script" uid="uid://cx1g7l1njhp6h" path="res://addons/road-generator/connectors/terrain3d_road_connector.gd" id="11_ic0uy"]
[ext_resource type="PackedScene" uid="uid://cshvprtplbfuv" path="res://assets/models/tunnel.tscn" id="13_2u3nc"]
[ext_resource type="PackedScene" uid="uid://babffpqf4sonh" path="res://assets/models/tunnel_entrances.tscn" id="13_hiqwa"]
[ext_resource type="PackedScene" uid="uid://ccf6esm0fa6wq" path="res://assets/models/bridge.tscn" id="15_udxuc"]

[sub_resource type="BoxShape3D" id="BoxShape3D_dwbse"]

[sub_resource type="BoxMesh" id="BoxMesh_pkg7o"]

[sub_resource type="StandardMaterial3D" id="StandardMaterial3D_gbfbk"]
albedo_texture = ExtResource("6_dwbse")

[sub_resource type="ShaderMaterial" id="ShaderMaterial_gbfbk"]
render_priority = 0
shader = ExtResource("7_pkg7o")
shader_parameter/depth_fade_distance = 1.0
shader_parameter/absorbance = 2.0
shader_parameter/shallow_color = Color(0.22, 0.66, 1, 1)
shader_parameter/deep_color = Color(0, 0.25, 0.45, 1)
shader_parameter/foam_amount = 0.2
shader_parameter/foam_color = Color(1, 1, 1, 1)
shader_parameter/roughness = 0.05
shader_parameter/wave_scale = 4.0
shader_parameter/height_scale = 0.15
shader_parameter/wave_dir1 = Vector2(1, 0)
shader_parameter/wave_dir2 = Vector2(0, 1)
shader_parameter/wave_speed = 0.015

[sub_resource type="PlaneMesh" id="PlaneMesh_pkg7o"]
size = Vector2(1100, 1100)

[sub_resource type="PlaneMesh" id="PlaneMesh_ioo17"]
size = Vector2(50000, 50000)
subdivide_width = 1
subdivide_depth = 1

[node name="World" type="Node3D"]

[node name="car" parent="." instance=ExtResource("1_aqk2v")]
transform = Transform3D(1, 0, 0, 0, 1, 0, 0, 0, 1, 214.30411, 365.9554, -1636.8656)

[node name="player" parent="." instance=ExtResource("1_f3sb7")]
transform = Transform3D(-4.371139e-08, 0, -1, 0, 1, 0, 1, 0, -4.371139e-08, 211.30411, 361.86343, -1636.8656)

[node name="box" type="RigidBody3D" parent="."]
transform = Transform3D(1, 0, 0, 0, 1, 0, 0, 0, 1, 214.30411, 372.46347, -1634.6656)
mass = 100.0

[node name="CollisionShape3D" type="CollisionShape3D" parent="box"]
shape = SubResource("BoxShape3D_dwbse")

[node name="MeshInstance3D" type="MeshInstance3D" parent="box"]
mesh = SubResource("BoxMesh_pkg7o")
surface_material_override/0 = SubResource("StandardMaterial3D_gbfbk")

[node name="sky" parent="." instance=ExtResource("3_tlwt5")]
day_length = 120.0
sun_energy = 3.0
time = 0.614
year_time = 0.32
moon_season = 0.491

[node name="Terrain3D" type="Terrain3D" parent="."]
data_directory = "res://terrain/terraindata"
material = ExtResource("5_dwbse")
assets = ExtResource("6_pkg7o")
top_level = true
metadata/_edit_lock_ = true

[node name="volcano_lake" type="MeshInstance3D" parent="."]
transform = Transform3D(0.70710677, 0, 0.70710677, 0, 1, 0, -0.70710677, 0, 0.70710677, -1004.71606, 995.6771, 1411.4594)
material_override = SubResource("ShaderMaterial_gbfbk")
mesh = SubResource("PlaneMesh_pkg7o")
skeleton = NodePath("../ocean")

[node name="ocean" type="MeshInstance3D" parent="."]
material_override = SubResource("ShaderMaterial_gbfbk")
mesh = SubResource("PlaneMesh_ioo17")
metadata/_edit_lock_ = true

[node name="RoadManager" type="Node3D" parent="."]
transform = Transform3D(1, 0, 0, 0, 1, 0, 0, 0, 1, 2579.274, 77.77834, -1548.5575)
script = ExtResource("8_wse8f")
material_resource = ExtResource("9_2u3nc")
metadata/_custom_type_script = "uid://dw653v4djyeok"

[node name="beach_main" type="Node3D" parent="RoadManager"]
script = ExtResource("9_ic0uy")
use_lowpoly_preview = true
edge_containers = Array[NodePath]([NodePath(""), NodePath("")])
edge_rp_targets = Array[NodePath]([NodePath(""), NodePath("")])
edge_rp_target_dirs = Array[int]([-1, -1])
edge_rp_locals = Array[NodePath]([NodePath("RP_001"), NodePath("RP_011")])
edge_rp_local_dirs = Array[int]([0, 1])

[node name="RP_001" type="Node3D" parent="RoadManager/beach_main"]
transform = Transform3D(-0.997106, 0, 0.076023504, 0, 1, 0, -0.076023504, 0, -0.997106, 64.1853, -8.095009, -137.6051)
script = ExtResource("10_k3n1d")
traffic_dir = Array[int]([2, 2, 1, 1])
lanes = Array[int]([2, 4, 4, 2])
next_mag = 22.527842
prior_pt_init = NodePath("../RP_002")

[node name="RP_002" type="Node3D" parent="RoadManager/beach_main"]
transform = Transform3D(-0.997106, -0.000474475, 0.07602178, 0, 0.9999805, 0.0062411814, -0.076023266, 0.0062231193, -0.9970866, 60.76001, -7.845009, -92.67981)
script = ExtResource("10_k3n1d")
traffic_dir = Array[int]([2, 2, 1, 1])
lanes = Array[int]([2, 4, 4, 2])
prior_mag = 26.246279
next_mag = 22.527842
prior_pt_init = NodePath("../RP_003")
next_pt_init = NodePath("../RP_001")

[node name="RP_003" type="Node3D" parent="RoadManager/beach_main"]
transform = Transform3D(-0.90185356, -0.0044507775, 0.43201882, 0.0022607476, 0.9998846, 0.015020472, -0.43203586, 0.014522953, -0.9017394, 47.030273, -7.4083557, -42.014038)
script = ExtResource("10_k3n1d")
traffic_dir = Array[int]([2, 2, 1, 1])
lanes = Array[int]([2, 4, 4, 2])
prior_mag = 25.79098
next_mag = 26.246279
prior_pt_init = NodePath("../RP_004")
next_pt_init = NodePath("../RP_002")

[node name="RP_004" type="Node3D" parent="RoadManager/beach_main"]
transform = Transform3D(-0.99977106, -0.004644496, 0.02088267, -0.0041454374, 0.9997062, 0.023878312, -0.02098744, 0.023786282, -0.9994966, 35.322266, -6.151001, 8.219482)
script = ExtResource("10_k3n1d")
traffic_dir = Array[int]([2, 2, 1, 1])
lanes = Array[int]([2, 4, 4, 2])
prior_mag = 33.39931
next_mag = 25.79098
prior_pt_init = NodePath("../RP_005")
next_pt_init = NodePath("../RP_003")

[node name="RP_005" type="Node3D" parent="RoadManager/beach_main"]
transform = Transform3D(-0.99488604, -0.0061265156, 0.10081618, -0.008209434, 0.9997608, -0.020258669, -0.100667976, -0.020982714, -0.9946985, 27.900879, -7.0357895, 74.591064)
script = ExtResource("10_k3n1d")
traffic_dir = Array[int]([2, 2, 1, 1])
lanes = Array[int]([2, 4, 4, 2])
prior_mag = 33.39931
next_mag = 31.954762
prior_pt_init = NodePath("../RP_006")
next_pt_init = NodePath("../RP_004")

[node name="RP_006" type="Node3D" parent="RoadManager/beach_main"]
transform = Transform3D(-0.9917606, 0.10130049, 0.07841621, 0.08322488, 0.9748458, -0.20675883, -0.097388506, -0.19852903, -0.9752444, 21.456299, 4.805771, 138.15088)
script = ExtResource("10_k3n1d")
traffic_dir = Array[int]([2, 2, 1, 1])
lanes = Array[int]([2, 4, 4, 2])
prior_mag = 27.941921
next_mag = 31.954762
prior_pt_init = NodePath("../RP_007")
next_pt_init = NodePath("../RP_005")

[node name="RP_007" type="Node3D" parent="RoadManager/beach_main"]
transform = Transform3D(-0.9959471, -0.0077539985, 0.089604706, -0.014620964, 0.9969824, -0.07623607, -0.088743195, -0.0772372, -0.99305534, 16.1333, 11.777222, 193.74634)
script = ExtResource("10_k3n1d")
traffic_dir = Array[int]([2, 2, 1, 1])
lanes = Array[int]([2, 4, 4, 2])
prior_mag = 36.18892
next_mag = 27.941921
prior_pt_init = NodePath("../RP_008")
next_pt_init = NodePath("../RP_006")

[node name="RP_008" type="Node3D" parent="RoadManager/beach_main"]
transform = Transform3D(-0.99763596, -0.008225261, 0.06822246, -0.004442576, 0.9984534, 0.055413805, -0.06857275, 0.054979734, -0.9961298, 10.41748, 10.268936, 265.8247)
script = ExtResource("10_k3n1d")
traffic_dir = Array[int]([2, 2, 1, 1])
lanes = Array[int]([2, 4, 4, 2])
prior_mag = 23.278786
next_mag = 36.18892
prior_pt_init = NodePath("../RP_009")
next_pt_init = NodePath("../RP_007")

[node name="RP_009" type="Node3D" parent="RoadManager/beach_main"]
transform = Transform3D(-0.99889374, -0.008721962, 0.04620061, -0.006997913, 0.9992776, 0.03734772, -0.046492983, 0.036983106, -0.99823356, 7.749756, 11.116737, 312.24817)
script = ExtResource("10_k3n1d")
traffic_dir = Array[int]([2, 2, 1, 1])
lanes = Array[int]([2, 4, 4, 2])
prior_mag = 25.316214
next_mag = 23.278786
prior_pt_init = NodePath("../RP_010")
next_pt_init = NodePath("../RP_008")

[node name="RP_010" type="Node3D" parent="RoadManager/beach_main"]
transform = Transform3D(-0.9967487, -0.009511666, 0.080005735, -0.002258215, 0.99591464, 0.09026772, -0.08053749, 0.08979362, -0.99269867, 4.5495605, 10.337074, 362.75317)
script = ExtResource("10_k3n1d")
traffic_dir = Array[int]([2, 2, 1, 1])
lanes = Array[int]([2, 4, 4, 2])
prior_mag = 48.747692
next_mag = 25.316214
prior_pt_init = NodePath("../RP_011")
next_pt_init = NodePath("../RP_009")

[node name="RP_011" type="Node3D" parent="RoadManager/beach_main"]
transform = Transform3D(-0.9965967, -0.010331321, -0.08178476, -0.015057281, 0.99823874, 0.05738121, 0.08104791, 0.058417365, -0.99499696, -10.593994, 6.951538, 457.98645)
script = ExtResource("10_k3n1d")
traffic_dir = Array[int]([2, 2, 1, 1])
lanes = Array[int]([2, 4, 4, 2])
prior_mag = 48.747692
next_mag = 48.747692
next_pt_init = NodePath("../RP_010")

[node name="3way_2x2" parent="RoadManager" instance=ExtResource("11_2o6r5")]
transform = Transform3D(0.081784815, 0.010331317, -0.99659675, 0.057381213, 0.9982388, 0.015057279, 0.994997, -0.05841737, 0.081047945, -9.2854, 7.869629, 473.90637)
edge_containers = Array[NodePath]([NodePath("../beach2tunnel"), NodePath(""), NodePath("")])
edge_rp_targets = Array[NodePath]([NodePath("Node3D"), NodePath(""), NodePath("")])
edge_rp_target_dirs = Array[int]([0, -1, -1])

[node name="beach2tunnel" type="Node3D" parent="RoadManager"]
script = ExtResource("9_ic0uy")
use_lowpoly_preview = true
edge_containers = Array[NodePath]([NodePath(""), NodePath("")])
edge_rp_targets = Array[NodePath]([NodePath(""), NodePath("")])
edge_rp_target_dirs = Array[int]([-1, -1])
edge_rp_locals = Array[NodePath]([NodePath("Node3D"), NodePath("RP_005")])
edge_rp_local_dirs = Array[int]([0, 1])

[node name="Node3D" type="Node3D" parent="RoadManager/beach2tunnel"]
transform = Transform3D(0.081784815, 0.010331317, -0.99659675, 0.057381213, 0.9982388, 0.015057279, 0.994997, -0.05841737, 0.081047945, 6.6601563, 7.6287155, 472.60962)
script = ExtResource("10_k3n1d")
traffic_dir = Array[int]([2, 2, 1, 1])
lanes = Array[int]([2, 4, 4, 2])
prior_mag = 8.0
next_mag = 44.704712
prior_pt_init = NodePath("../Node3D001")

[node name="Node3D001" type="Node3D" parent="RoadManager/beach2tunnel"]
transform = Transform3D(0.56180817, -0.008092497, -0.8272283, 0.05424711, 0.99816036, 0.027076993, 0.8254873, -0.060086783, 0.5612136, 75.633545, 5.800514, 451.1809)
script = ExtResource("10_k3n1d")
traffic_dir = Array[int]([2, 2, 1, 1])
lanes = Array[int]([2, 4, 4, 2])
prior_mag = 33.79055
next_mag = 44.704712
prior_pt_init = NodePath("../Node3D002")
next_pt_init = NodePath("../Node3D")

[node name="Node3D002" type="Node3D" parent="RoadManager/beach2tunnel"]
transform = Transform3D(0.94659865, -0.023889368, -0.3215292, 0.024608485, 0.9996955, -0.0018279564, 0.32147488, -0.0061819497, 0.9468982, 114.41968, 2.3980484, 401.24207)
script = ExtResource("10_k3n1d")
traffic_dir = Array[int]([2, 2, 1, 1])
lanes = Array[int]([2, 4, 4, 2])
prior_mag = 32.26189
next_mag = 33.79055
prior_pt_init = NodePath("../Node3D003")
next_pt_init = NodePath("../Node3D001")

[node name="Node3D003" type="Node3D" parent="RoadManager/beach2tunnel"]
transform = Transform3D(0.98091835, -0.020585744, -0.19332819, 0.03042892, 0.99837965, 0.04808346, 0.19202513, -0.053048715, 0.9799555, 126.86499, -1.7029495, 341.2163)
script = ExtResource("10_k3n1d")
traffic_dir = Array[int]([2, 2, 1, 1])
lanes = Array[int]([2, 4, 4, 2])
prior_mag = 32.57933
next_mag = 32.26189
prior_pt_init = NodePath("../Node3D004")
next_pt_init = NodePath("../Node3D002")

[node name="Node3D004" type="Node3D" parent="RoadManager/beach2tunnel"]
transform = Transform3D(0.28030074, 0.15803452, -0.946814, -0.03182861, 0.98734266, 0.15537654, 0.95938444, -0.013416386, 0.28178284, 169.4751, -15.4636, 289.5558)
script = ExtResource("10_k3n1d")
traffic_dir = Array[int]([2, 2, 1, 1])
lanes = Array[int]([2, 4, 4, 2])
prior_mag = 28.285978
next_mag = 32.57933
prior_pt_init = NodePath("../Node3D005")
next_pt_init = NodePath("../Node3D003")

[node name="Node3D005" type="Node3D" parent="RoadManager/beach2tunnel"]
transform = Transform3D(0.721482, -0.012082029, -0.692328, 0.022137256, 0.99973905, 0.0056226985, 0.69207937, -0.019382913, 0.72156125, 217.55151, -17.231956, 259.74622)
script = ExtResource("10_k3n1d")
traffic_dir = Array[int]([2, 2, 1, 1])
lanes = Array[int]([2, 4, 4, 2])
prior_mag = 33.969845
next_mag = 28.285978
prior_pt_init = NodePath("../Node3D006")
next_pt_init = NodePath("../Node3D004")

[node name="Node3D006" type="Node3D" parent="RoadManager/beach2tunnel"]
transform = Transform3D(0.99989694, -0.012032228, -0.007826506, 0.0121510625, 0.99980867, 0.015317572, 0.0076407045, -0.015411092, 0.9998522, 241.37012, -25.371933, 196.12183)
script = ExtResource("10_k3n1d")
traffic_dir = Array[int]([2, 2, 1, 1])
lanes = Array[int]([2, 4, 4, 2])
prior_mag = 62.99372
next_mag = 33.969845
prior_pt_init = NodePath("../Node3D007")
next_pt_init = NodePath("../Node3D005")

[node name="Node3D007" type="Node3D" parent="RoadManager/beach2tunnel"]
transform = Transform3D(0.9900061, -0.0114774285, -0.14055648, 0.005595248, 0.9990945, -0.042173162, 0.14091326, 0.040965226, 0.9891742, 250.75073, -28.319687, 70.51672)
script = ExtResource("10_k3n1d")
traffic_dir = Array[int]([2, 2, 1, 1])
lanes = Array[int]([2, 4, 4, 2])
prior_mag = 38.1925
next_mag = 62.99372
prior_pt_init = NodePath("../Node3D008")
next_pt_init = NodePath("../Node3D006")

[node name="Node3D008" type="Node3D" parent="RoadManager/beach2tunnel"]
transform = Transform3D(0.99658746, -0.012006344, 0.081664324, 0.009007386, 0.99927473, 0.036992803, -0.082049236, -0.036130972, 0.9959732, 252.95508, -30.348492, -5.810913)
script = ExtResource("10_k3n1d")
traffic_dir = Array[int]([2, 2, 1, 1])
lanes = Array[int]([2, 4, 4, 2])
prior_mag = 34.322575
next_mag = 38.1925
prior_pt_init = NodePath("../Node3D009")
next_pt_init = NodePath("../Node3D007")

[node name="Node3D009" type="Node3D" parent="RoadManager/beach2tunnel"]
transform = Transform3D(0.92316514, -0.014740021, 0.38412067, -0.002806691, 0.9989792, 0.045079652, -0.384393, -0.042694062, 0.92218184, 236.63647, -28.531105, -72.44702)
script = ExtResource("10_k3n1d")
traffic_dir = Array[int]([2, 2, 1, 1])
lanes = Array[int]([2, 4, 4, 2])
prior_mag = 31.259245
next_mag = 34.322575
prior_pt_init = NodePath("../Node3D010")
next_pt_init = NodePath("../Node3D008")

[node name="Node3D010" type="Node3D" parent="RoadManager/beach2tunnel"]
transform = Transform3D(0.9711028, -0.016633805, 0.23808056, 0.004130418, 0.9985899, 0.05292033, -0.23862512, -0.050407697, 0.96980274, 217.13525, -29.973679, -131.7909)
script = ExtResource("10_k3n1d")
traffic_dir = Array[int]([2, 2, 1, 1])
lanes = Array[int]([2, 4, 4, 2])
prior_mag = 45.474033
next_mag = 31.259245
prior_pt_init = NodePath("../Node3D011")
next_pt_init = NodePath("../Node3D009")

[node name="Node3D011" type="Node3D" parent="RoadManager/beach2tunnel"]
transform = Transform3D(0.97884643, -0.0155678755, -0.20400219, 0.026545374, 0.99833596, 0.051185127, 0.20286587, -0.05551768, 0.97763157, 217.1206, -30.537205, -222.62854)
script = ExtResource("10_k3n1d")
traffic_dir = Array[int]([2, 1, 1])
lanes = Array[int]([5, 4, 2])
prior_mag = 55.40067
next_mag = 45.474033
prior_pt_init = NodePath("../Node3D012")
next_pt_init = NodePath("../Node3D010")

[node name="Node3D012" type="Node3D" parent="RoadManager/beach2tunnel"]
transform = Transform3D(0.9547978, -0.016824981, 0.29677868, 0.037285056, 0.9972902, -0.06341529, -0.29490748, 0.07161416, 0.9528386, 210.88867, -17.898281, -333.09253)
script = ExtResource("10_k3n1d")
traffic_dir = Array[int]([2, 1, 1])
lanes = Array[int]([5, 4, 2])
prior_mag = 59.780693
next_mag = 55.40067
prior_pt_init = NodePath("../Node3D013")
next_pt_init = NodePath("../Node3D011")

[node name="Node3D013" type="Node3D" parent="RoadManager/beach2tunnel"]
transform = Transform3D(0.9272518, 0.20005345, 0.3165157, -0.14544877, 0.97136813, -0.18785161, -0.34503368, 0.12814887, 0.92980117, 172.19507, 12.672127, -445.95728)
script = ExtResource("10_k3n1d")
traffic_dir = Array[int]([2, 1])
lanes = Array[int]([5, 5])
prior_mag = 59.80082
next_mag = 59.780693
prior_pt_init = NodePath("../Node3D014")
next_pt_init = NodePath("../Node3D012")

[node name="Node3D014" type="Node3D" parent="RoadManager/beach2tunnel"]
transform = Transform3D(0.7949846, 0.21123482, 0.56866443, -0.110888176, 0.9722233, -0.20612, -0.5964083, 0.100804016, 0.79632634, 119.06177, 42.388306, -548.74817)
script = ExtResource("10_k3n1d")
traffic_dir = Array[int]([2, 1])
lanes = Array[int]([5, 5])
prior_mag = 66.55904
next_mag = 59.80082
prior_pt_init = NodePath("../Node3D015")
next_pt_init = NodePath("../Node3D013")

[node name="Node3D015" type="Node3D" parent="RoadManager/beach2tunnel"]
transform = Transform3D(0.17339037, 0, 0.9848535, 0, 0.9999999, 0, -0.9848532, 0, 0.17339045, -29.430176, 50.442406, -638.04407)
script = ExtResource("10_k3n1d")
traffic_dir = Array[int]([2, 1])
lanes = Array[int]([5, 5])
prior_mag = 55.771133
next_mag = 66.55904
prior_pt_init = NodePath("../Node3D016")
next_pt_init = NodePath("../Node3D014")

[node name="Node3D016" type="Node3D" parent="RoadManager/beach2tunnel"]
transform = Transform3D(0.6224716, -0.079028584, 0.7786425, 0.0034993119, 0.9951595, 0.09820672, -0.78263444, -0.058406137, 0.6197354, -135.88354, 43.005013, -679.047)
script = ExtResource("10_k3n1d")
traffic_dir = Array[int]([2, 1])
lanes = Array[int]([5, 5])
prior_mag = 39.621105
next_mag = 55.771133
prior_pt_init = NodePath("../Node3D017")
next_pt_init = NodePath("../Node3D015")

[node name="Node3D017" type="Node3D" parent="RoadManager/beach2tunnel"]
transform = Transform3D(0.7171636, -0.007888721, 0.69686025, -0.0820736, 0.9920211, 0.09569498, -0.69205487, -0.12582272, 0.71079445, -194.66943, 29.242516, -732.1847)
script = ExtResource("10_k3n1d")
traffic_dir = Array[int]([2, 1])
lanes = Array[int]([5, 5])
prior_mag = 53.382996
next_mag = 39.621105
prior_pt_init = NodePath("../Node3D018")
next_pt_init = NodePath("../Node3D016")

[node name="Node3D018" type="Node3D" parent="RoadManager/beach2tunnel"]
transform = Transform3D(0.93295586, -0.009510527, 0.3598649, 0.004737287, 0.9998885, 0.014143623, -0.35995927, -0.011490588, 0.93289745, -251.8772, 24.764168, -822.32654)
script = ExtResource("10_k3n1d")
traffic_dir = Array[int]([2, 1])
lanes = Array[int]([5, 5])
prior_mag = 52.797085
next_mag = 53.382996
prior_pt_init = NodePath("../Node3D019")
next_pt_init = NodePath("../Node3D017")

[node name="Node3D019" type="Node3D" parent="RoadManager/beach2tunnel"]
transform = Transform3D(0.74171364, -0.012583206, 0.6705987, -0.0006529079, 0.9998097, 0.019482734, -0.67071617, -0.014888442, 0.74156475, -320.65186, 20.926079, -896.91394)
script = ExtResource("10_k3n1d")
traffic_dir = Array[int]([2, 1])
lanes = Array[int]([5, 5])
prior_mag = 46.541977
next_mag = 52.797085
prior_pt_init = NodePath("../Node3D020")
next_pt_init = NodePath("../Node3D018")

[node name="Node3D020" type="Node3D" parent="RoadManager/beach2tunnel"]
transform = Transform3D(0.6384289, -0.016700773, 0.7694997, -0.0034264016, 0.9996927, 0.024539545, -0.769673, -0.018303363, 0.63817596, -397.8828, 14.239143, -956.46765)
script = ExtResource("10_k3n1d")
traffic_dir = Array[int]([2, 1])
lanes = Array[int]([5, 5])
prior_mag = 68.90406
next_mag = 46.541977
prior_pt_init = NodePath("../Node3D021")
next_pt_init = NodePath("../Node3D019")

[node name="Node3D021" type="Node3D" parent="RoadManager/beach2tunnel"]
transform = Transform3D(0.56531066, 0.05850274, 0.8228011, 0.06971089, 0.9905248, -0.118323594, -0.82192713, 0.12424777, 0.5558764, -500.94556, 17.670898, -1036.9347)
script = ExtResource("10_k3n1d")
traffic_dir = Array[int]([2, 1])
lanes = Array[int]([5, 5])
prior_mag = 89.02891
next_mag = 68.90406
prior_pt_init = NodePath("../Node3D022")
next_pt_init = NodePath("../Node3D020")

[node name="Node3D022" type="Node3D" parent="RoadManager/beach2tunnel"]
transform = Transform3D(-0.7458316, 0.0958519, 0.65920216, 0.1847833, 0.98052734, 0.06649234, -0.6399922, 0.17140159, -0.7490205, -659.7715, 64.44666, -1083.4156)
script = ExtResource("10_k3n1d")
traffic_dir = Array[int]([2, 1])
lanes = Array[int]([5, 5])
prior_mag = 109.90937
next_mag = 89.02891
prior_pt_init = NodePath("../Node3D023")
next_pt_init = NodePath("../Node3D021")

[node name="Node3D023" type="Node3D" parent="RoadManager/beach2tunnel"]
transform = Transform3D(-0.8348943, 0.09777515, -0.54165596, 0.14381976, 0.9886598, -0.043215618, 0.5312878, -0.113981314, -0.8394888, -568.6201, 81.81321, -883.4823)
script = ExtResource("10_k3n1d")
traffic_dir = Array[int]([2, 1])
lanes = Array[int]([5, 5])
prior_mag = 46.782806
next_mag = 109.90937
prior_pt_init = NodePath("../Node3D024")
next_pt_init = NodePath("../Node3D022")

[node name="Node3D024" type="Node3D" parent="RoadManager/beach2tunnel"]
transform = Transform3D(-0.96288955, 0.06504241, -0.26194012, 0.09674558, 0.98921144, -0.11000474, 0.25195915, -0.13126397, -0.9587944, -540.93115, 86.55627, -818.1564)
script = ExtResource("10_k3n1d")
traffic_dir = Array[int]([2, 1])
lanes = Array[int]([5, 5])
prior_mag = 39.442425
next_mag = 46.782806
prior_pt_init = NodePath("../Node3D025")
next_pt_init = NodePath("../Node3D023")

[node name="Node3D025" type="Node3D" parent="RoadManager/beach2tunnel"]
transform = Transform3D(-0.00787622, 0.05953413, 0.9981953, -0.13217835, 0.98940504, -0.060052834, -0.99119425, -0.13241282, 7.635061e-05, -587.6333, 106.0978, -767.0631)
script = ExtResource("10_k3n1d")
traffic_dir = Array[int]([2, 1])
lanes = Array[int]([5, 5])
prior_mag = 49.346294
next_mag = 39.442425
prior_pt_init = NodePath("../Node3D026")
next_pt_init = NodePath("../Node3D024")

[node name="Node3D026" type="Node3D" parent="RoadManager/beach2tunnel"]
transform = Transform3D(0.94592035, 0.058418803, 0.31909433, -0.09829114, 0.9890254, 0.110305876, -0.30914837, -0.13570474, 0.9412819, -659.6605, 97.09138, -834.3893)
script = ExtResource("10_k3n1d")
traffic_dir = Array[int]([2, 1])
lanes = Array[int]([5, 5])
prior_mag = 61.519604
next_mag = 49.346294
prior_pt_init = NodePath("../Node3D027")
next_pt_init = NodePath("../Node3D025")

[node name="Node3D027" type="Node3D" parent="RoadManager/beach2tunnel"]
transform = Transform3D(0.082170084, 0.05548515, 0.99507266, -0.14023942, 0.98915815, -0.04357482, -0.9867016, -0.13596791, 0.08906047, -758.6786, 92.53773, -919.9718)
script = ExtResource("10_k3n1d")
traffic_dir = Array[int]([2, 1])
lanes = Array[int]([5, 5])
prior_mag = 41.349213
next_mag = 61.519604
prior_pt_init = NodePath("../Node3D028")
next_pt_init = NodePath("../Node3D026")

[node name="Node3D028" type="Node3D" parent="RoadManager/beach2tunnel"]
transform = Transform3D(-0.5608118, 0.22008128, 0.79815674, 0.0048165247, 0.9648744, -0.2626673, -0.82792896, -0.1434626, -0.5421733, -846.0127, 112.1352, -893.55115)
script = ExtResource("10_k3n1d")
traffic_dir = Array[int]([2, 1])
lanes = Array[int]([5, 5])
prior_mag = 75.72745
next_mag = 41.349213
prior_pt_init = NodePath("../Node3D029")
next_pt_init = NodePath("../Node3D027")

[node name="Node3D029" type="Node3D" parent="RoadManager/beach2tunnel"]
transform = Transform3D(-0.8865835, 0.069052204, -0.45738468, 0.17504294, 0.9653469, -0.1935592, 0.42816907, -0.2516685, -0.8679482, -855.10754, 126.85978, -743.97327)
script = ExtResource("10_k3n1d")
traffic_dir = Array[int]([2, 1])
lanes = Array[int]([5, 5])
prior_mag = 56.471672
next_mag = 75.72745
prior_pt_init = NodePath("../Node3D030")
next_pt_init = NodePath("../Node3D028")

[node name="Node3D030" type="Node3D" parent="RoadManager/beach2tunnel"]
transform = Transform3D(-0.57460797, -0.0011150979, 0.8184278, -0.23461768, 0.9582532, -0.16341674, -0.78407854, -0.28591824, -0.55088174, -897.93335, 167.2001, -634.11804)
script = ExtResource("10_k3n1d")
traffic_dir = Array[int]([2, 1])
lanes = Array[int]([5, 5])
prior_mag = 62.322453
next_mag = 56.471672
prior_pt_init = NodePath("../Node3D031")
next_pt_init = NodePath("../Node3D029")

[node name="Node3D031" type="Node3D" parent="RoadManager/beach2tunnel"]
transform = Transform3D(-0.59944737, 0.050885502, 0.79879457, -0.07889856, 0.98936033, -0.12223377, -0.7965154, -0.13629653, -0.58905494, -1001.47705, 185.61142, -567.7069)
script = ExtResource("10_k3n1d")
traffic_dir = Array[int]([2, 1])
lanes = Array[int]([5, 5])
prior_mag = 75.17042
next_mag = 62.322453
prior_pt_init = NodePath("../Node3D032")
next_pt_init = NodePath("../Node3D030")

[node name="Node3D032" type="Node3D" parent="RoadManager/beach2tunnel"]
transform = Transform3D(-0.061184593, -0.10156196, 0.9929459, -0.1273185, 0.9874776, 0.09315734, -0.98997253, -0.12072068, -0.0733492, -1132.5924, 202.9812, -531.18567)
script = ExtResource("10_k3n1d")
traffic_dir = Array[int]([2, 1])
lanes = Array[int]([5, 5])
prior_mag = 64.63612
next_mag = 75.17042
prior_pt_init = NodePath("../Node3D033")
next_pt_init = NodePath("../Node3D031")

[node name="Node3D033" type="Node3D" parent="RoadManager/beach2tunnel"]
transform = Transform3D(-0.9589995, -0.115596235, -0.25875986, -0.12542859, 0.99186414, 0.021758836, 0.25413918, 0.05332263, -0.96569663, -1186.1763, 196.5191, -408.82996)
script = ExtResource("10_k3n1d")
traffic_dir = Array[int]([2, 1])
lanes = Array[int]([5, 5])
prior_mag = 36.663593
next_mag = 64.63612
prior_pt_init = NodePath("../Node3D034")
next_pt_init = NodePath("../Node3D032")

[node name="Node3D034" type="Node3D" parent="RoadManager/beach2tunnel"]
transform = Transform3D(-0.8588448, -0.17020541, -0.48313028, -0.13306466, 0.9849347, -0.11044463, 0.4946499, -0.030567253, -0.8685547, -1154.6725, 200.19147, -337.71936)
script = ExtResource("10_k3n1d")
traffic_dir = Array[int]([2, 1])
lanes = Array[int]([5, 5])
prior_mag = 35.177757
next_mag = 36.663593
prior_pt_init = NodePath("../Node3D035")
next_pt_init = NodePath("../Node3D033")

[node name="Node3D035" type="Node3D" parent="RoadManager/beach2tunnel"]
transform = Transform3D(-0.3656162, -0.27805233, -0.8882633, -0.1113786, 0.96054894, -0.25483534, 0.92407715, 0.0057616076, -0.38216144, -1107.318, 215.7204, -286.6598)
script = ExtResource("10_k3n1d")
traffic_dir = Array[int]([2, 1])
lanes = Array[int]([5, 5])
prior_mag = 63.539616
next_mag = 35.177757
prior_pt_init = NodePath("../Node3D036")
next_pt_init = NodePath("../Node3D034")

[node name="Node3D036" type="Node3D" parent="RoadManager/beach2tunnel"]
transform = Transform3D(0.61402303, -0.017323745, -0.7890977, -0.05156257, 0.9967436, -0.062005006, 0.78760135, 0.07876047, 0.6111305, -1010.6642, 223.51984, -289.68152)
script = ExtResource("10_k3n1d")
traffic_dir = Array[int]([2, 1])
lanes = Array[int]([5, 5])
prior_mag = 68.94413
next_mag = 63.539616
prior_pt_init = NodePath("../Node3D037")
next_pt_init = NodePath("../Node3D035")

[node name="Node3D037" type="Node3D" parent="RoadManager/beach2tunnel"]
transform = Transform3D(0.46670702, -0.27090055, -0.84190094, 0.14184001, 0.9625382, -0.23108909, 0.87296325, -0.011564359, 0.48764813, -925.7185, 234.65417, -340.21362)
script = ExtResource("10_k3n1d")
traffic_dir = Array[int]([2, 1])
lanes = Array[int]([5, 5])
prior_mag = 35.585358
next_mag = 68.94413
prior_pt_init = NodePath("../Node3D038")
next_pt_init = NodePath("../Node3D036")

[node name="Node3D038" type="Node3D" parent="RoadManager/beach2tunnel"]
transform = Transform3D(-0.32469317, 0, -0.9458195, 0, 1.0000004, 0, 0.94581884, 0, -0.32469338, -830.0325, 241.5495, -346.6129)
script = ExtResource("10_k3n1d")
traffic_dir = Array[int]([2, 1])
lanes = Array[int]([5, 5])
prior_mag = 36.004177
next_mag = 35.585358
prior_pt_init = NodePath("../Node3D039")
next_pt_init = NodePath("../Node3D037")

[node name="Node3D039" type="Node3D" parent="RoadManager/beach2tunnel"]
transform = Transform3D(-0.58612514, -0.17227091, -0.79169434, -0.105851375, 0.98504144, -0.13597636, 0.80327564, 0.0041027716, -0.59559286, -764.292, 247.246, -317.22937)
script = ExtResource("10_k3n1d")
traffic_dir = Array[int]([2, 1])
lanes = Array[int]([5, 5])
prior_mag = 34.35405
next_mag = 36.004177
prior_pt_init = NodePath("../Node3D040")
next_pt_init = NodePath("../Node3D038")

[node name="Node3D040" type="Node3D" parent="RoadManager/beach2tunnel"]
transform = Transform3D(-0.64460707, -0.16685474, -0.7460836, -0.11588083, 0.985942, -0.120377, 0.75567997, 0.008860934, -0.65488064, -726.6052, 256.55136, -281.86438)
script = ExtResource("10_k3n1d")
traffic_dir = Array[int]([2, 1])
lanes = Array[int]([5, 5])
prior_mag = 40.45505
next_mag = 34.35405
prior_pt_init = NodePath("../Node3D041")
next_pt_init = NodePath("../Node3D039")

[node name="Node3D041" type="Node3D" parent="RoadManager/beach2tunnel"]
transform = Transform3D(-0.59324646, -0.10765592, -0.7977898, -0.026564253, 0.99309653, -0.11425745, 0.80458176, -0.04659018, -0.5920109, -634.3229, 270.2939, -246.26282)
script = ExtResource("10_k3n1d")
traffic_dir = Array[int]([2, 1])
lanes = Array[int]([5, 5])
prior_mag = 54.75979
next_mag = 40.45505
prior_pt_init = NodePath("../Node3D042")
next_pt_init = NodePath("../Node3D040")

[node name="Node3D042" type="Node3D" parent="RoadManager/beach2tunnel"]
transform = Transform3D(-0.7262573, -0.19771805, -0.6583746, -0.23756677, 0.97092324, -0.029518075, 0.64506656, 0.13497028, -0.7521116, -573.3855, 285.36594, -158.96924)
script = ExtResource("10_k3n1d")
traffic_dir = Array[int]([2, 1])
lanes = Array[int]([5, 5])
prior_mag = 47.60666
next_mag = 54.75979
prior_pt_init = NodePath("../Node3D043")
next_pt_init = NodePath("../Node3D041")

[node name="Node3D043" type="Node3D" parent="RoadManager/beach2tunnel"]
transform = Transform3D(-0.96927685, -0.12387807, 0.21249838, -0.15879808, 0.97490925, -0.15599984, -0.18784143, -0.18495157, -0.96462864, -556.36084, 306.78506, -20.864624)
script = ExtResource("10_k3n1d")
traffic_dir = Array[int]([2, 1])
lanes = Array[int]([5, 5])
prior_mag = 55.677467
next_mag = 47.60666
prior_pt_init = NodePath("../Node3D044")
next_pt_init = NodePath("../Node3D042")

[node name="Node3D044" type="Node3D" parent="RoadManager/beach2tunnel"]
transform = Transform3D(-0.936139, 7.270638e-09, 0.3516294, -0.052034803, 0.98899037, -0.1385318, -0.34775785, -0.14798208, -0.92583245, -597.5055, 318.0001, 79.03369)
script = ExtResource("10_k3n1d")
traffic_dir = Array[int]([2, 1])
lanes = Array[int]([5, 5])
prior_mag = 85.497444
next_mag = 55.677467
prior_pt_init = NodePath("../Node3D045")
next_pt_init = NodePath("../Node3D043")

[node name="Node3D045" type="Node3D" parent="RoadManager/beach2tunnel"]
transform = Transform3D(-0.31320146, 0.11169097, 0.9430959, -0.053680003, 0.9893908, -0.1350007, -0.948168, -0.09290787, -0.30388308, -675.57434, 341.88138, 223.74963)
script = ExtResource("10_k3n1d")
traffic_dir = Array[int]([2, 1])
lanes = Array[int]([5, 5])
prior_mag = 85.497444
next_mag = 85.497444
prior_pt_init = NodePath("../RP_002")
next_pt_init = NodePath("../Node3D044")

[node name="RP_002" type="Node3D" parent="RoadManager/beach2tunnel"]
transform = Transform3D(-0.068778194, -0.0013049892, 0.99763113, 0, 0.99999917, 0.0013080868, -0.9976321, 8.996788e-05, -0.068778165, -869.21326, 342.34512, 252.83728)
script = ExtResource("10_k3n1d")
traffic_dir = Array[int]([2, 1])
lanes = Array[int]([5, 5])
prior_mag = 166.73305
next_mag = 98.07101
prior_pt_init = NodePath("../RP_003")
next_pt_init = NodePath("../Node3D045")

[node name="RP_003" type="Node3D" parent="RoadManager/beach2tunnel"]
transform = Transform3D(0.32367814, -0.0022847108, 0.9461645, 0.0010153281, 0.9999973, 0.002067363, -0.94616663, 0.00029150728, 0.3236797, -1186.4141, 342.20898, 146.94043)
script = ExtResource("10_k3n1d")
traffic_dir = Array[int]([2, 1])
lanes = Array[int]([5, 5])
prior_mag = 348.04764
next_mag = 166.73305
prior_pt_init = NodePath("../RP_004")
next_pt_init = NodePath("../RP_002")

[node name="RP_004" type="Node3D" parent="RoadManager/beach2tunnel"]
transform = Transform3D(0.066476345, -0.002904762, 0.99778396, -0.000369009, 0.9999957, 0.0029357874, -0.997788, -0.00056335155, 0.06647497, -1821.0231, 340.8665, -123.222534)
script = ExtResource("10_k3n1d")
traffic_dir = Array[int]([2, 1])
lanes = Array[int]([5, 5])
prior_mag = 246.67998
next_mag = 348.04764
prior_pt_init = NodePath("../RP_005")
next_pt_init = NodePath("../RP_003")

[node name="RP_005" type="Node3D" parent="RoadManager/beach2tunnel"]
transform = Transform3D(-0.31808144, -0.0037737968, 0.9480559, -0.0015991963, 0.9999928, 0.0034439901, -0.948062, -0.00042065812, -0.3180852, -2322.1628, 278.6962, -94.68445)
script = ExtResource("10_k3n1d")
traffic_dir = Array[int]([2, 1])
lanes = Array[int]([5, 5])
prior_mag = 246.67998
next_mag = 246.67998
next_pt_init = NodePath("../RP_004")

[node name="RoadTerrain3DConnector" type="Node" parent="." node_paths=PackedStringArray("terrain", "road_manager")]
script = ExtResource("11_ic0uy")
terrain = NodePath("../Terrain3D")
road_manager = NodePath("../RoadManager")
offset = -0.1
edge_margin = 0.8
edge_falloff = 10.0
metadata/_custom_type_script = "uid://cx1g7l1njhp6h"

[node name="tunnel_things" type="Node3D" parent="."]

[node name="tunnel" parent="tunnel_things" instance=ExtResource("13_2u3nc")]

[node name="tunnel_entrances" parent="tunnel_things" instance=ExtResource("13_hiqwa")]

[node name="bridge" parent="tunnel_things" instance=ExtResource("15_udxuc")]
